98
94
125
121
115
120
90
96
100
101
105
121
145
224
264
0
119
131
104
82
0
117
84
83
88
123
121
87
82
91
125
122
92
121
128
78
129
124
73
0
77
106
96
95
104
127
69
72
109
73
82
78
95
99
99
90
99
109
0
0
117
131
120
102
89
74
129
126
70
128
118
121
107
127
241
186
122
97
129
99
107
126
119
74
103
101
124
205
250
281
230
208
234
134
119
113
0
235
212
284
200
175
125
126
120
109
120
77
114
115
91
74
112
87
107
93
70
81
71
104
113
90
107
122
109
130
0
102
115
109
0
105
95
119
99
54
56
53
60
54
50
60
50
53
51
57
59
52
56
51
56
52
50
56
51
0
202
282
228
151
139
284
173
223
180
283
284
202
148
195
273
229
214
156
203
220
260
263
154
200
204
251
289
262
289
260
0
-1























